[gd_scene load_steps=7 format=3 uid="uid://dqij8rau88me5"]

[ext_resource type="Script" uid="uid://6c8hv56aecos" path="res://scripts/managers/game_manager.gd" id="1_lnu2h"]
[ext_resource type="PackedScene" uid="uid://c8eyx0mco4tw" path="res://scenes/microwave.tscn" id="1_uwrxv"]
[ext_resource type="PackedScene" uid="uid://dtyifegf6gr8r" path="res://scenes/laser_container.tscn" id="2_yqjtg"]
[ext_resource type="Texture2D" uid="uid://dgmuhoswmgt0y" path="res://sprites/table.png" id="4_lbhrr"]
[ext_resource type="Script" uid="uid://dyt8gmgp6yx50" path="res://scripts/managers/camera_manager.gd" id="5_iywne"]

[sub_resource type="Environment" id="Environment_lbhrr"]
background_energy_multiplier = 1.09
ambient_light_color = Color(0, 0, 0.635294, 1)
tonemap_exposure = 1.19
glow_intensity = 5.5
fog_enabled = true

[node name="Game" type="Node3D" node_paths=PackedStringArray("microwave")]
script = ExtResource("1_lnu2h")
microwave = NodePath("Microwave")

[node name="WorldEnvironment" type="WorldEnvironment" parent="."]
environment = SubResource("Environment_lbhrr")

[node name="Microwave" parent="." instance=ExtResource("1_uwrxv")]

[node name="Sun" type="DirectionalLight3D" parent="."]
transform = Transform3D(0.805804, 0.108608, 0.582137, 0, -0.983038, 0.183402, 0.592182, -0.147786, -0.792136, 3.77098, 3.02516, -6.34141)

[node name="LaserContainer" parent="." instance=ExtResource("2_yqjtg")]

[node name="Table" type="Node3D" parent="."]
transform = Transform3D(1, 0, 0, 0, 1, 0, 0, 0, 1, 0, 0, 0.183941)

[node name="Sprite3D" type="Sprite3D" parent="Table"]
transform = Transform3D(1, 0, 0, 0, -4.37114e-08, -1, 0, 1, -4.37114e-08, 0, -0.443726, -0.937288)
sorting_offset = -1.0
flip_h = true
shaded = true
alpha_cut = 1
texture = ExtResource("4_lbhrr")

[node name="CameraNode" type="Node3D" parent="."]
script = ExtResource("5_iywne")
fight_position = Vector3(0, 2, -3)
fight_rotation = Vector3(-25, 180, 0)

[node name="Camera3D" type="Camera3D" parent="CameraNode"]
transform = Transform3D(-1, -1.51807e-08, 8.60948e-08, 2.57584e-08, 0.889927, 0.456104, -8.3542e-08, 0.456104, -0.889927, 0, 2.71497, -5.83597)

[node name="Camera3D2" type="Camera3D" parent="CameraNode"]
transform = Transform3D(-1, 3.69465e-08, -7.92319e-08, 0, 0.906308, 0.422618, 8.74228e-08, 0.422618, -0.906308, 0, 2, -3)
visible = false
