[gd_scene load_steps=7 format=3 uid="uid://dqij8rau88me5"]

[ext_resource type="Script" uid="uid://6c8hv56aecos" path="res://scripts/managers/game_manager.gd" id="1_lnu2h"]
[ext_resource type="PackedScene" uid="uid://c8eyx0mco4tw" path="res://scenes/microwave.tscn" id="1_uwrxv"]
[ext_resource type="PackedScene" uid="uid://dtyifegf6gr8r" path="res://scenes/laser_container.tscn" id="2_yqjtg"]
[ext_resource type="Texture2D" uid="uid://dgmuhoswmgt0y" path="res://sprites/table.png" id="4_lbhrr"]
[ext_resource type="Script" uid="uid://dyt8gmgp6yx50" path="res://scripts/managers/camera_manager.gd" id="5_iywne"]

[sub_resource type="Environment" id="Environment_lbhrr"]
background_energy_multiplier = 1.09
ambient_light_color = Color(0, 0, 0.635294, 1)
tonemap_exposure = 1.19
glow_intensity = 5.5
fog_enabled = true

[node name="Game" type="Node3D" node_paths=PackedStringArray("microwave", "camera_manager", "laser_container")]
script = ExtResource("1_lnu2h")
microwave = NodePath("Microwave")
camera_manager = NodePath("CameraManager")
laser_container = NodePath("LaserContainer")

[node name="WorldEnvironment" type="WorldEnvironment" parent="."]
environment = SubResource("Environment_lbhrr")

[node name="Microwave" parent="." instance=ExtResource("1_uwrxv")]

[node name="Sun" type="DirectionalLight3D" parent="."]
transform = Transform3D(0.805804, 0.108608, 0.582137, 0, -0.983038, 0.183402, 0.592182, -0.147786, -0.792136, 3.77098, 3.02516, -6.34141)

[node name="LaserContainer" parent="." instance=ExtResource("2_yqjtg")]

[node name="Table" type="Node3D" parent="."]
transform = Transform3D(1, 0, 0, 0, 1, 0, 0, 0, 1, 0, 0, 0.183941)

[node name="Sprite3D" type="Sprite3D" parent="Table"]
transform = Transform3D(1, 0, 0, 0, -4.37114e-08, -1, 0, 1, -4.37114e-08, 0, -0.443726, -0.937288)
sorting_offset = -1.0
flip_h = true
shaded = true
alpha_cut = 1
texture = ExtResource("4_lbhrr")

[node name="CameraManager" type="Node3D" parent="." node_paths=PackedStringArray("menu_camera", "fight_camera", "camera")]
script = ExtResource("5_iywne")
menu_camera = NodePath("MenuCamera")
fight_camera = NodePath("FightCamera")
camera = NodePath("Camera")

[node name="Camera" type="Camera3D" parent="CameraManager"]
transform = Transform3D(1, 0, 0, 0, 1, 0, 0, 0, 1, 0, 2.71497, -5.83597)

[node name="MenuCamera" type="Camera3D" parent="CameraManager"]
transform = Transform3D(-1, 3.69465e-08, -7.9232e-08, 0, 0.906308, 0.422618, 8.74228e-08, 0.422618, -0.906308, 0, 2.71497, -5.83597)
visible = false

[node name="FightCamera" type="Camera3D" parent="CameraManager"]
transform = Transform3D(-1, 3.96891e-08, -7.78943e-08, 0, 0.891007, 0.453991, 8.74228e-08, 0.453991, -0.891007, 0, 2, -3)
visible = false
